Solución 3x3:
x = -1.7500000000000009
y = 2.5000000000000004
z = 0.25
